100
4 5 1 1
10 7 7 3
9 10 1 7
7 7 1 4
5 9 4 5
9 7 5 4
5 6 4 3
10 6 9 4
7 9 6 6
8 6 4 5
6 59 1 49
9 36 4 21
2 21 1 19
8 95 4 23
10 62 2 57
9 65 6 51
8 68 6 51
10 92 9 12
9 99 7 3
7 86 2 42
69 6 1 1
29 9 27 8
89 10 86 5
74 7 62 6
93 8 75 5
32 10 5 7
74 7 53 2
56 8 3 3
15 6 10 4
82 6 52 3
583 644 223 585
870 645 627 201
597 654 209 566
872 404 328 186
942 934 815 864
645 436 104 360
398 518 129 506
582 869 152 326
509 301 418 69
585 405 83 94
380 272 196 29
850 430 561 45
697 560 388 84
315 802 248 73
237 694 81 422
723 935 181 145
376 506 293 154
641 720 426 29
875 916 750 407
929 909 579 227
936 857 101 744
974 761 419 513
737 651 531 117
840 713 82 250
622 656 509 572
580 355 508 347
147 888 57 549
891 665 278 410
632 957 136 286
669 144 601 53
4460 208 3799 148
9608 986 5406 845
3262 372 1318 187
6010 933 4762 761
4577 902 4003 484
6461 997 70 827
1277 902 599 276
1989 467 1165 420
847 135 90 109
4288 624 2881 282
842 7370 618 6996
978 6576 48 2404
578 9554 548 2530
388 6387 233 1029
781 7096 204 1021
527 9846 452 7176
723 1217 480 916
403 5884 46 5
281 8164 244 3877
976 9532 943 3730
9253 9253 5074 1264
9991 6394 8386 1965
9298 3369 6721 2076
9666 8257 6428 253
9963 6240 1067 480
5204 9862 3799 9756
4045 6859 932 896
9675 9418 5761 5823
7036 9043 288 4202
5922 6672 3055 5315
9931 6729 8776 5420
3335 4774 2036 3792
5867 7106 5175 6235
7595 9797 684 8735
3693 4333 3579 958
8602 9020 1954 3126
8403 9031 4421 8099
8905 831 8495 444
6297 9521 571 2636
7290 9520 2622 1792
