100
7 10 2 2
5 9 2 2
10 9 4 2
7 7 4 3
9 8 1 2
9 6 3 4
6 8 3 2
9 8 3 7
10 7 9 4
8 10 3 5
6 41 2 35
6 33 2 29
8 91 3 53
3 95 2 30
4 97 1 6
6 62 1 44
10 86 5 53
9 18 5 4
8 49 1 33
8 11 7 10
30 5 15 4
89 8 18 3
93 9 74 7
98 10 10 2
96 6 43 3
39 9 6 2
84 5 56 2
86 3 75 2
11 9 1 2
66 10 36 5
956 623 115 582
700 681 238 668
595 870 284 591
409 742 15 97
763 273 661 26
409 919 159 612
114 352 104 122
774 603 297 332
566 922 26 431
437 843 109 834
530 862 260 583
394 410 55 292
428 656 291 274
120 559 90 17
898 828 324 10
802 760 349 743
499 480 467 39
882 98 498 42
535 651 7 332
809 870 29 307
567 556 339 432
237 559 68 188
599 900 526 836
780 283 342 175
805 798 775 571
732 725 376 167
693 529 146 336
858 948 204 400
988 609 62 494
401 621 290 433
8265 790 4188 529
6956 254 4105 175
8815 707 5156 494
7595 541 3761 331
7080 177 3661 149
6414 737 4245 597
9039 934 1058 586
8835 286 4353 27
2523 905 1448 205
9456 712 4078 594
475 6119 449 2742
941 9983 914 8433
774 6619 484 3695
425 5615 289 4195
456 8317 422 3119
722 4665 645 3545
909 9650 346 6673
824 5422 458 1615
540 462 21 222
731 8778 21 4099
8002 3655 7827 1086
5424 2423 661 862
9810 3250 4291 984
9836 7525 2023 3128
9820 5228 2302 3859
6467 9886 5623 9332
8798 8582 3537 6613
6498 3959 1970 2094
9575 8081 1993 7622
5150 8868 2643 7596
8643 5651 4567 2269
7307 9534 1801 8991
4501 6785 1151 1026
7579 2705 3490 2262
5750 6175 3613 571
9228 9179 1021 6234
9915 7866 2464 2695
6747 2428 1188 2353
7477 9939 3845 3042
5311 4969 1448 4551
